02 41 0a 0e 4b 61 6d 73 74 72 75 70 5f 56 30 30 
30 31 09 06 01 01 01 08 00 ff 06 02 b1 bb 12 09 
06 01 01 02 08 00 ff 06 01 f8 2a ea 09 06 01 01 
03 08 00 ff 06 00 81 c9 d8 09 06 01 01 04 08 00 
ff 06 01 36 e0 a5 09 06 01 01 00 00 01 ff 06 01 
f6 a8 78 09 06 01 01 01 07 00 ff 06 00 00 04 90 
09 06 01 01 02 07 00 ff 06 00 00 00 00 09 06 01 
01 03 07 00 ff 06 00 00 00 00 09 06 01 01 04 07 
00 ff 06 00 00 03 6d 09 06 00 01 01 00 00 ff 09 
0c 07 e9 07 17 03 15 32 14 ff 80 00 80 09 06 01 
01 20 07 00 ff 12 00 ee 09 06 01 01 34 07 00 ff 
12 00 ee 09 06 01 01 48 07 00 ff 12 00 ef 09 06 
01 01 1f 07 00 ff 06 00 00 01 11 09 06 01 01 33 
07 00 ff 06 00 00 00 de 09 06 01 01 47 07 00 ff 
06 00 00 00 b2 09 06 01 01 15 07 00 ff 06 00 00 
01 af 09 06 01 01 29 07 00 ff 06 00 00 01 cb 09 
06 01 01 3d 07 00 ff 06 00 00 01 16 09 06 01 01 
21 07 00 ff 12 00 48 09 06 01 01 35 07 00 ff 12 
00 5b 09 06 01 01 49 07 00 ff 12 00 47 09 06 01 
01 0d 07 00 ff 12 00 4f 09 06 01 01 16 07 00 ff 
06 00 00 00 00 09 06 01 01 2a 07 00 ff 06 00 00 
00 00 09 06 01 01 3e 07 00 ff 06 00 00 00 00 09 
06 01 01 16 08 00 ff 06 00 9c 9c 5c 09 06 01 01 
2a 08 00 ff 06 00 b5 9e 76 09 06 01 01 3e 08 00 
ff 06 00 b9 ae 7a 09 06 01 01 15 08 00 ff 06 01 
2b 74 4c 09 06 01 01 29 08 00 ff 06 00 cb 96 c2 
09 06 01 01 3d 08 00 ff 06 00 ce 6e 67 
09 06 01 01 3d 08 00 ff 06 00 ce 6e 67

02 41 0a 0e 4b 61 6d 73 74 72 75 70 5f 56 30 30 
30 31 09 06 01 01 01 08 00 ff 06 02 b1 bb 15 09 
06 01 01 02 08 00 ff 06 01 f8 2a ea 09 06 01 01 
03 08 00 ff 06 00 81 c9 d8 09 06 01 01 04 08 00 
ff 06 01 36 e0 a8 09 06 01 01 00 00 01 ff 06 01 
f6 a8 78 09 06 01 01 01 07 00 ff 06 00 00 04 74 
09 06 01 01 02 07 00 ff 06 00 00 00 00 09 06 01 
01 03 07 00 ff 06 00 00 00 00 09 06 01 01 04 07 
00 ff 06 00 00 03 6f 09 06 00 01 01 00 00 ff 09 
0c 07 e9 07 17 03 15 32 1e ff 80 00 80 09 06 01 
01 20 07 00 ff 12 00 ee 09 06 01 01 34 07 00 ff 
12 00 ef 09 06 01 01 48 07 00 ff 12 00 ef 09 06 
01 01 1f 07 00 ff 06 00 00 01 09 09 06 01 01 33 
07 00 ff 06 00 00 00 dd 09 06 01 01 47 07 00 ff 
06 00 00 00 b3 09 06 01 01 15 07 00 ff 06 00 00 
01 92 09 06 01 01 29 07 00 ff 06 00 00 01 cb 09 
06 01 01 3d 07 00 ff 06 00 00 01 17 09 06 01 01 
21 07 00 ff 12 00 45 09 06 01 01 35 07 00 ff 12 
00 5b 09 06 01 01 49 07 00 ff 12 00 47 09 06 01 
01 0d 07 00 ff 12 00 4f 09 06 01 01 16 07 00 ff 
06 00 00 00 00 09 06 01 01 2a 07 00 ff 06 00 00 
00 00 09 06 01 01 3e 07 00 ff 06 00 00 00 00 09 
06 01 01 16 08 00 ff 06 00 9c 9c 5c 09 06 01 01 
2a 08 00 ff 06 00 b5 9e 76 09 06 01 01 3e 08 00 
ff 06 00 b9 ae 7a 09 06 01 01 15 08 00 ff 06 01 
2b 74 4e 09 06 01 01 29 08 00 ff 06 00 cb 96 c3 
09 06 01 01 3d 08 00 ff 06 00 ce 6e 68 
09 06 01 01 3d 08 00 ff 06 00 ce 6e 68 